-1.496440000000000000e+05
-6.120000000000000000e+02
-6.300000000000000000e+02
-5.370000000000000000e+02
-5.540000000000000000e+02
-7.800000000000000000e+02
-6.980000000000000000e+02
-5.410000000000000000e+02
-2.230000000000000000e+03
-7.910000000000000000e+02
-2.596000000000000000e+03
-1.491000000000000000e+03
-8.900000000000000000e+02
-1.350000000000000000e+03
-8.810000000000000000e+02
-1.150000000000000000e+03
-8.240000000000000000e+02
-1.329000000000000000e+03
-2.313000000000000000e+03
-2.011000000000000000e+03
-9.350000000000000000e+02
-7.340000000000000000e+02
-1.073000000000000000e+03
-9.920000000000000000e+02
-6.050000000000000000e+02
-8.990000000000000000e+02
-1.074000000000000000e+03
-7.500000000000000000e+02
-1.217000000000000000e+03
-7.660000000000000000e+02
-7.080000000000000000e+02
-2.080000000000000000e+03
-1.447000000000000000e+03
-1.109000000000000000e+03
-1.157000000000000000e+03
-5.400000000000000000e+02
-6.930000000000000000e+02
-5.520000000000000000e+02
-1.337000000000000000e+03
-1.449000000000000000e+03
-2.615000000000000000e+04
-1.692000000000000000e+03
-1.342000000000000000e+03
-7.090000000000000000e+02
-5.460000000000000000e+02
-6.040000000000000000e+02
-6.200000000000000000e+02
-5.740000000000000000e+02
-5.980000000000000000e+02
-5.470000000000000000e+02
-5.910000000000000000e+02
-4.670000000000000000e+02
-4.370000000000000000e+02
-6.110000000000000000e+02
-5.540000000000000000e+02
-6.350000000000000000e+02
-4.190000000000000000e+02
-3.890000000000000000e+02
-3.930000000000000000e+02
-6.050000000000000000e+02
-4.050000000000000000e+02
-5.990000000000000000e+02
-3.960000000000000000e+02
-6.340000000000000000e+02
-4.020000000000000000e+02
-5.800000000000000000e+02
-5.900000000000000000e+02
-3.910000000000000000e+02
-3.930000000000000000e+02
-4.090000000000000000e+02
-5.650000000000000000e+02
-6.040000000000000000e+02
-4.140000000000000000e+02
-3.850000000000000000e+02
-3.890000000000000000e+02
-5.980000000000000000e+02
-5.780000000000000000e+02
-6.060000000000000000e+02
-4.120000000000000000e+02
-4.000000000000000000e+02
-3.830000000000000000e+02
-5.630000000000000000e+02
-6.110000000000000000e+02
-4.050000000000000000e+02
-5.870000000000000000e+02
-4.160000000000000000e+02
-4.130000000000000000e+02
-4.080000000000000000e+02
-3.910000000000000000e+02
-5.390000000000000000e+02
-5.910000000000000000e+02
-4.210000000000000000e+02
-5.670000000000000000e+02
-9.220000000000000000e+02
-7.590000000000000000e+02
-7.290000000000000000e+02
-5.890000000000000000e+02
-9.560000000000000000e+02
-1.117000000000000000e+03
-4.160000000000000000e+02
-9.700000000000000000e+02
-7.960000000000000000e+02
-5.890000000000000000e+02
-6.370000000000000000e+02
-6.140000000000000000e+02
-8.170000000000000000e+02
-6.250000000000000000e+02
-7.820000000000000000e+02
-5.760000000000000000e+02
-6.100000000000000000e+02
-1.331000000000000000e+03
-6.190000000000000000e+02
-5.960000000000000000e+02
-7.540000000000000000e+02
-8.030000000000000000e+02
-6.350000000000000000e+02
-5.820000000000000000e+02
-5.850000000000000000e+02
-7.420000000000000000e+02
-5.750000000000000000e+02
-5.880000000000000000e+02
-5.400000000000000000e+02
-4.540000000000000000e+02
-6.000000000000000000e+02
-9.480000000000000000e+02
-7.290000000000000000e+02
-9.060000000000000000e+02
-7.560000000000000000e+02
-7.410000000000000000e+02
-7.510000000000000000e+02
-7.120000000000000000e+02
-5.800000000000000000e+02
-7.530000000000000000e+02
-7.320000000000000000e+02
-7.340000000000000000e+02
-7.460000000000000000e+02
-4.441000000000000000e+03
-6.270000000000000000e+02
-5.500000000000000000e+02
-5.730000000000000000e+02
-7.160000000000000000e+02
-7.740000000000000000e+02
-5.830000000000000000e+02
-5.660000000000000000e+02
-6.140000000000000000e+02
-5.520000000000000000e+02
-6.140000000000000000e+02
-5.860000000000000000e+02
-5.670000000000000000e+02
-7.370000000000000000e+02
-7.480000000000000000e+02
-1.100000000000000000e+03
-5.670000000000000000e+02
-7.440000000000000000e+02
-5.930000000000000000e+02
-5.890000000000000000e+02
-5.920000000000000000e+02
-6.080000000000000000e+02
-9.610000000000000000e+02
-5.750000000000000000e+02
-7.540000000000000000e+02
-6.120000000000000000e+02
-5.710000000000000000e+02
-6.000000000000000000e+02
-7.180000000000000000e+02
-9.180000000000000000e+02
-7.320000000000000000e+02
-7.120000000000000000e+02
-5.590000000000000000e+02
-6.120000000000000000e+02
-7.600000000000000000e+02
-5.700000000000000000e+02
-9.100000000000000000e+02
-7.460000000000000000e+02
-1.071000000000000000e+03
-5.960000000000000000e+02
-7.130000000000000000e+02
-7.430000000000000000e+02
-9.800000000000000000e+02
-6.410000000000000000e+02
-5.800000000000000000e+02
-8.820000000000000000e+02
-6.240000000000000000e+02
-5.830000000000000000e+02
-5.780000000000000000e+02
-5.680000000000000000e+02
-6.040000000000000000e+02
-7.780000000000000000e+02
-1.867000000000000000e+03
-5.950000000000000000e+02
-4.140000000000000000e+02
-6.100000000000000000e+02
-5.570000000000000000e+02
-7.430000000000000000e+02
-6.150000000000000000e+02
-5.630000000000000000e+02
-6.540000000000000000e+02
-5.660000000000000000e+02
-2.724000000000000000e+03
-5.700000000000000000e+02
-5.840000000000000000e+02
-5.940000000000000000e+02
-8.090000000000000000e+02
-6.230000000000000000e+02
-5.580000000000000000e+02
-5.830000000000000000e+02
-5.740000000000000000e+02
-6.100000000000000000e+02
-5.600000000000000000e+02
-5.700000000000000000e+02
-5.870000000000000000e+02
-1.360000000000000000e+03
-5.550000000000000000e+02
-5.890000000000000000e+02
-5.500000000000000000e+02
-5.490000000000000000e+02
-8.080000000000000000e+02
-5.590000000000000000e+02
-6.000000000000000000e+02
-5.550000000000000000e+02
-5.800000000000000000e+02
-7.620000000000000000e+02
-5.870000000000000000e+02
-6.300000000000000000e+02
-5.380000000000000000e+02
-6.250000000000000000e+02
-4.280000000000000000e+02
-5.660000000000000000e+02
-7.830000000000000000e+02
-4.060000000000000000e+02
-5.820000000000000000e+02
-4.400000000000000000e+02
-5.860000000000000000e+02
-5.700000000000000000e+02
-7.360000000000000000e+02
-5.600000000000000000e+02
-6.010000000000000000e+02
-5.720000000000000000e+02
-6.230000000000000000e+02
-5.530000000000000000e+02
-5.390000000000000000e+02
-5.460000000000000000e+02
-5.720000000000000000e+02
-7.080000000000000000e+02
-6.000000000000000000e+02
-6.280000000000000000e+02
-5.480000000000000000e+02
-5.890000000000000000e+02
-5.460000000000000000e+02
-7.760000000000000000e+02
-4.050000000000000000e+02
-6.230000000000000000e+02
-5.600000000000000000e+02
-5.690000000000000000e+02
-5.600000000000000000e+02
-5.330000000000000000e+02
-7.760000000000000000e+02
-5.620000000000000000e+02
-6.070000000000000000e+02
-5.540000000000000000e+02
-5.600000000000000000e+02
-5.620000000000000000e+02
-7.740000000000000000e+02
-5.620000000000000000e+02
-5.580000000000000000e+02
-5.400000000000000000e+02
-5.870000000000000000e+02
-7.900000000000000000e+02
-7.860000000000000000e+02
-7.380000000000000000e+02
-5.580000000000000000e+02
-5.780000000000000000e+02
-5.520000000000000000e+02
-5.730000000000000000e+02
-5.640000000000000000e+02
-5.750000000000000000e+02
-5.640000000000000000e+02
-5.390000000000000000e+02
-5.450000000000000000e+02
-5.680000000000000000e+02
-1.525000000000000000e+03
-5.980000000000000000e+02
-5.710000000000000000e+02
-5.670000000000000000e+02
-7.240000000000000000e+02
-5.890000000000000000e+02
-1.068000000000000000e+03
-5.270000000000000000e+02
-5.340000000000000000e+02
-5.590000000000000000e+02
-8.520000000000000000e+02
-7.460000000000000000e+02
-5.650000000000000000e+02
-5.860000000000000000e+02
-6.010000000000000000e+02
-9.140000000000000000e+02
-5.800000000000000000e+02
-5.880000000000000000e+02
-5.640000000000000000e+02
-5.910000000000000000e+02
-7.650000000000000000e+02
-5.910000000000000000e+02
-7.310000000000000000e+02
-5.860000000000000000e+02
-5.910000000000000000e+02
-5.840000000000000000e+02
-5.600000000000000000e+02
-6.270000000000000000e+02
-5.800000000000000000e+02
-7.040000000000000000e+02
-5.860000000000000000e+02
-6.190000000000000000e+02
-5.910000000000000000e+02
-7.830000000000000000e+02
-5.560000000000000000e+02
-5.950000000000000000e+02
-1.702000000000000000e+03
-5.800000000000000000e+02
-5.800000000000000000e+02
-5.830000000000000000e+02
-7.200000000000000000e+02
-3.910000000000000000e+02
-5.570000000000000000e+02
-5.520000000000000000e+02
-6.160000000000000000e+02
-5.480000000000000000e+02
-5.410000000000000000e+02
-5.680000000000000000e+02
-5.780000000000000000e+02
-5.760000000000000000e+02
-3.930000000000000000e+02
-5.520000000000000000e+02
-1.307000000000000000e+03
-5.850000000000000000e+02
-6.060000000000000000e+02
-5.540000000000000000e+02
-5.760000000000000000e+02
-5.990000000000000000e+02
-5.630000000000000000e+02
-5.700000000000000000e+02
-5.880000000000000000e+02
-5.690000000000000000e+02
-5.460000000000000000e+02
-1.257000000000000000e+03
-1.062000000000000000e+03
-5.420000000000000000e+02
-8.670000000000000000e+02
-5.780000000000000000e+02
-5.680000000000000000e+02
-5.710000000000000000e+02
-1.110000000000000000e+03
-1.409200000000000000e+04
-6.520000000000000000e+02
-6.780000000000000000e+02
-5.610000000000000000e+02
-5.510000000000000000e+02
-9.040000000000000000e+02
-3.930000000000000000e+02
-5.180000000000000000e+02
-6.720000000000000000e+02
-6.840000000000000000e+02
-4.990000000000000000e+02
-6.610000000000000000e+02
-5.410000000000000000e+02
-5.370000000000000000e+02
-6.520000000000000000e+02
-4.920000000000000000e+02
-4.980000000000000000e+02
-4.930000000000000000e+02
-4.680000000000000000e+02
-4.810000000000000000e+02
-5.190000000000000000e+02
-4.700000000000000000e+02
-3.560000000000000000e+02
-4.930000000000000000e+02
-4.740000000000000000e+02
-5.100000000000000000e+02
-3.700000000000000000e+02
-3.820000000000000000e+02
-5.220000000000000000e+02
-4.650000000000000000e+02
-4.710000000000000000e+02
-3.710000000000000000e+02
-4.920000000000000000e+02
-4.880000000000000000e+02
-4.820000000000000000e+02
-4.870000000000000000e+02
-3.640000000000000000e+02
-5.160000000000000000e+02
-3.660000000000000000e+02
-3.710000000000000000e+02
-4.750000000000000000e+02
-5.230000000000000000e+02
-5.210000000000000000e+02
-3.720000000000000000e+02
-5.030000000000000000e+02
-4.950000000000000000e+02
-5.060000000000000000e+02
-3.660000000000000000e+02
-6.610000000000000000e+02
-5.810000000000000000e+02
-4.990000000000000000e+02
-3.720000000000000000e+02
-4.880000000000000000e+02
-3.710000000000000000e+02
-5.390000000000000000e+02
-5.060000000000000000e+02
-5.180000000000000000e+02
-5.410000000000000000e+02
-4.900000000000000000e+02
-6.620000000000000000e+02
-3.750000000000000000e+02
-5.490000000000000000e+02
-3.740000000000000000e+02
-5.170000000000000000e+02
-5.310000000000000000e+02
-5.400000000000000000e+02
-5.310000000000000000e+02
-5.130000000000000000e+02
-7.150000000000000000e+02
-8.020000000000000000e+02
-7.020000000000000000e+02
-6.990000000000000000e+02
-5.140000000000000000e+02
-4.990000000000000000e+02
-3.600000000000000000e+02
-6.720000000000000000e+02
-7.140000000000000000e+02
-5.750000000000000000e+02
-6.500000000000000000e+02
-7.250000000000000000e+02
-6.450000000000000000e+02
-5.260000000000000000e+02
-6.740000000000000000e+02
-5.500000000000000000e+02
-7.000000000000000000e+02
-5.750000000000000000e+02
-6.340000000000000000e+02
-5.700000000000000000e+02
-5.910000000000000000e+02
-5.270000000000000000e+02
-5.480000000000000000e+02
-5.970000000000000000e+02
-5.690000000000000000e+02
-5.430000000000000000e+02
-5.650000000000000000e+02
-5.620000000000000000e+02
-6.900000000000000000e+02
-5.770000000000000000e+02
-7.210000000000000000e+02
-5.470000000000000000e+02
-5.310000000000000000e+02
-5.800000000000000000e+02
-5.640000000000000000e+02
-8.630000000000000000e+02
-5.430000000000000000e+02
-5.620000000000000000e+02
-6.410000000000000000e+02
-4.974000000000000000e+03
-4.080000000000000000e+02
-5.490000000000000000e+02
-5.240000000000000000e+02
-5.270000000000000000e+02
-7.380000000000000000e+02
-5.610000000000000000e+02
-7.410000000000000000e+02
-5.480000000000000000e+02
-5.430000000000000000e+02
-5.300000000000000000e+02
-7.280000000000000000e+02
-7.080000000000000000e+02
-4.060000000000000000e+02
-5.440000000000000000e+02
-6.970000000000000000e+02
-5.330000000000000000e+02
-4.870000000000000000e+02
-1.493000000000000000e+03
-5.370000000000000000e+02
-6.810000000000000000e+02
-5.540000000000000000e+02
-3.970000000000000000e+02
-5.100000000000000000e+02
-6.750000000000000000e+02
-5.250000000000000000e+02
-3.870000000000000000e+02
-6.690000000000000000e+02
-5.590000000000000000e+02
-3.880000000000000000e+02
-5.110000000000000000e+02
-1.308000000000000000e+03
-5.150000000000000000e+02
-5.260000000000000000e+02
-3.940000000000000000e+02
-5.290000000000000000e+02
-5.270000000000000000e+02
-5.350000000000000000e+02
-5.220000000000000000e+02
-5.070000000000000000e+02
-5.260000000000000000e+02
-5.280000000000000000e+02
